0 0.28379478827361565 0.08519003931847968 0.10179153094462541 0.08650065530799476
0 0.28298045602605865 0.39121887287024903 0.1001628664495114 0.09043250327653997
0 0.7630293159609121 0.3925294888597641 0.10097719869706841 0.08256880733944955
0 0.7626221498371335 0.09698558322411534 0.1001628664495114 0.09174311926605505
0 0.7630293159609121 0.6867627785058977 0.10097719869706841 0.07601572739187418
0 0.28786644951140067 0.6959370904325033 0.09690553745928339 0.07339449541284404
0 0.28175895765472314 0.9777195281782438 0.0993485342019544 0.039318479685452164
0 0.7601791530944625 0.9855832241153342 0.0985342019543974 0.01834862385321101
1 0.5264657980456026 0.08846657929226737 0.7744299674267101 0.08781127129750983
1 0.5289087947882736 0.38335517693315857 0.7695439739413681 0.10615989515072084
1 0.5268729641693811 0.6939711664482306 0.7703583061889251 0.10878112712975098
1 0.5223941368078175 0.9764089121887287 0.756514657980456 0.04193971166448231
