0 0.2760586319218241 0.03669724770642202 0.0993485342019544 0.07339449541284404
0 0.7536644951140065 0.03014416775884666 0.09690553745928339 0.05242463958060288
0 0.754885993485342 0.30602883355176935 0.10260586319218241 0.09305373525557012
0 0.2760586319218241 0.32175622542595017 0.10097719869706841 0.08519003931847968
0 0.2768729641693811 0.6140235910878112 0.10260586319218241 0.07732634338138926
0 0.7552931596091205 0.6055045871559633 0.1001628664495114 0.08387942332896461
0 0.7536644951140065 0.918086500655308 0.1001628664495114 0.08519003931847968
0 0.2756514657980456 0.916775884665793 0.10179153094462541 0.08256880733944955
1 0.5150651465798045 0.04652686762778506 0.7728013029315961 0.08519003931847968
1 0.5166938110749185 0.31389252948885976 0.7646579804560261 0.09043250327653997
1 0.5162866449511401 0.6212319790301442 0.7768729641693811 0.09436435124508519
1 0.5179153094462541 0.918086500655308 0.7736156351791531 0.10091743119266056
