1 0.5183224755700325 0.07863695937090433 0.7744299674267101 0.0891218872870249
1 0.5187296416938111 0.38204456094364353 0.7736156351791531 0.09043250327653997
1 0.5175081433224755 0.6854521625163827 0.7728013029315961 0.09960681520314547
1 0.5166938110749185 0.9678899082568807 0.7711726384364821 0.05111402359108781
0 0.2776872964169381 0.07929226736566186 0.10260586319218241 0.07208387942332896
0 0.2752442996742671 0.38073394495412843 0.0993485342019544 0.06684141546526867
0 0.2732084690553746 0.6893840104849279 0.1001628664495114 0.07601572739187418
0 0.7544788273615635 0.6828309305373526 0.09690553745928339 0.06815203145478375
0 0.7528501628664495 0.3800786369593709 0.10667752442996743 0.07601572739187418
0 0.7585504885993485 0.07011795543905636 0.10342019543973942 0.06946264744429882
0 0.754885993485342 0.9737876802096985 0.10260586319218241 0.047182175622542594
0 0.2772801302931596 0.9737876802096985 0.10667752442996743 0.039318479685452164
