1 0.5289087947882736 0.043905635648754916 0.7793159609120521 0.08256880733944955
1 0.5248371335504886 0.3315858453473132 0.7842019543973942 0.11009174311926606
1 0.5301302931596091 0.6349934469200524 0.7866449511400652 0.1218872870249017
1 0.5232084690553745 0.9121887287024901 0.7858306188925082 0.09174311926605505
0 0.28298045602605865 0.03669724770642202 0.09527687296416938 0.06028833551769332
0 0.761400651465798 0.04325032765399738 0.10423452768729642 0.07339449541284404
0 0.757328990228013 0.33748361730013104 0.09283387622149837 0.08519003931847968
0 0.759771986970684 0.63564875491481 0.10097719869706841 0.07601572739187418
0 0.757328990228013 0.9134993446920052 0.0993485342019544 0.07601572739187418
0 0.28135179153094464 0.9141546526867628 0.09690553745928339 0.06422018348623854
0 0.28094462540716614 0.6304062909567497 0.09283387622149837 0.07863695937090433
0 0.28338762214983715 0.3328964613368283 0.09283387622149837 0.07077326343381389
