0 0.28013029315960913 0.07011795543905636 0.0993485342019544 0.07208387942332896
0 0.7569218241042345 0.061598951507208385 0.1001628664495114 0.0655307994757536
0 0.757328990228013 0.36435124508519 0.0993485342019544 0.08650065530799476
0 0.28013029315960913 0.3689384010484928 0.0993485342019544 0.08519003931847968
0 0.2776872964169381 0.6631716906946264 0.09771986970684039 0.08650065530799476
0 0.756514657980456 0.663826998689384 0.09771986970684039 0.08256880733944955
0 0.7585504885993485 0.9541284403669725 0.10342019543973942 0.08387942332896461
0 0.27931596091205213 0.9593709043250328 0.10097719869706841 0.07601572739187418
1 0.5236156351791531 0.06028833551769332 0.739413680781759 0.07863695937090433
1 0.5240228013029316 0.36828309305373524 0.7630293159609121 0.10222804718217562
1 0.5236156351791531 0.6605504587155964 0.7768729641693811 0.10222804718217562
1 0.5272801302931596 0.9521625163826999 0.7711726384364821 0.09043250327653997
