1 0.5175081433224755 0.10419397116644823 0.7858306188925082 0.10615989515072084
1 0.5162866449511401 0.7149410222804718 0.7882736156351792 0.11402359108781127
1 0.5223941368078175 0.41743119266055045 0.8021172638436482 0.09305373525557012
1 0.5126221498371335 0.9849279161205766 0.7825732899022801 0.02490170380078637
0 0.2695439739413681 0.1107470511140236 0.10097719869706841 0.07732634338138926
0 0.746742671009772 0.10353866317169069 0.09609120521172639 0.06815203145478375
0 0.2744299674267101 0.41284403669724773 0.10586319218241043 0.07077326343381389
0 0.748371335504886 0.40498034076015726 0.0993485342019544 0.06815203145478375
0 0.7495928338762216 0.7110091743119266 0.10342019543973942 0.09043250327653997
0 0.2707654723127036 0.7110091743119266 0.09690553745928339 0.07470511140235911
0 0.2728013029315961 0.9862385321100917 0.09446254071661238 0.01703800786369594
0 0.7504071661237784 0.9842726081258192 0.09690553745928339 0.015727391874180863
