0 0.28420195439739415 0.0910878112712975 0.14332247557003258 0.09567496723460026
0 0.28135179153094464 0.3984272608125819 0.13762214983713356 0.11009174311926606
0 0.27931596091205213 0.6992136304062909 0.13355048859934854 0.11140235910878113
0 0.7528501628664495 0.7070773263433814 0.1490228013029316 0.10091743119266056
0 0.75 0.40039318479685454 0.14332247557003258 0.09567496723460026
0 0.752442996742671 0.09764089121887287 0.15309446254071662 0.10353866317169069
1 0.5223941368078175 0.09567496723460026 0.7646579804560261 0.15465268676277852
1 0.5260586319218241 0.3951507208387942 0.7736156351791531 0.15072083879423329
1 0.5207654723127035 0.7116644823066841 0.7662866449511401 0.15203145478374835
1 0.5232084690553745 0.9796854521625163 0.7711726384364821 0.035386631716906945
