0 0.28745928338762217 0.06290956749672345 0.0993485342019544 0.08387942332896461
0 0.28257328990228014 0.3748361730013106 0.08794788273615635 0.08650065530799476
0 0.28135179153094464 0.6762778505897772 0.09039087947882736 0.08125819134993446
0 0.7630293159609121 0.6782437745740498 0.09609120521172639 0.0799475753604194
0 0.761400651465798 0.382699868938401 0.09446254071661238 0.0891218872870249
0 0.7601791530944625 0.0563564875491481 0.1001628664495114 0.07601572739187418
1 0.5374592833876222 0.0563564875491481 0.7328990228013029 0.09436435124508519
1 0.5313517915309446 0.3656618610747051 0.738599348534202 0.09960681520314547
1 0.5183224755700325 0.6756225425950196 0.7369706840390879 0.10353866317169069
1 0.5480456026058632 0.9698558322411533 0.7166123778501629 0.04980340760157274
0 0.2776872964169381 0.9744429882044561 0.08469055374592833 0.0327653997378768
0 0.7618078175895765 0.9764089121887287 0.10504885993485343 0.039318479685452164
