1 0.5146579804560261 0.28309305373525556 0.7719869706840391 0.17562254259501967
1 0.5158794788273615 0.5963302752293578 0.7776872964169381 0.14416775884665792
1 0.5158794788273615 0.901048492791612 0.7776872964169381 0.16644823066841416
1 0.5171009771986971 0.03407601572739188 0.7736156351791531 0.0655307994757536
0 0.7455211726384365 0.02621231979030144 0.1457654723127036 0.04456094364351245
0 0.2764657980456026 0.022935779816513763 0.15228013029315962 0.035386631716906945
0 0.2736156351791531 0.27719528178243774 0.15146579804560262 0.11926605504587157
0 0.2736156351791531 0.5937090432503277 0.15146579804560262 0.11009174311926606
0 0.7495928338762216 0.6035386631716907 0.15228013029315962 0.10091743119266056
0 0.7487785016286646 0.9128440366972477 0.15716612377850162 0.127129750982962
0 0.2736156351791531 0.898427260812582 0.1449511400651466 0.10615989515072084
