0 0.28338762214983715 0.10222804718217562 0.1482084690553746 0.09174311926605505
0 0.28257328990228014 0.39121887287024903 0.1498371335504886 0.10353866317169069
0 0.28257328990228014 0.6913499344692006 0.15146579804560262 0.10353866317169069
0 0.28257328990228014 0.9711664482306684 0.1465798045602606 0.05242463958060288
0 0.751628664495114 0.09567496723460026 0.15309446254071662 0.08650065530799476
0 0.7528501628664495 0.38990825688073394 0.15228013029315962 0.09567496723460026
0 0.752442996742671 0.6880733944954128 0.1482084690553746 0.0891218872870249
0 0.751628664495114 0.9600262123197904 0.1563517915309446 0.07470511140235911
1 0.511400651465798 0.10550458715596331 0.745928338762215 0.14285714285714285
1 0.9010586319218241 0.03407601572739188 0.012214983713355049 0.0
1 0.5219869706840391 0.39711664482306686 0.7703583061889251 0.14154652686762778
1 0.5232084690553745 0.6867627785058977 0.7728013029315961 0.12057667103538663
1 0.5211726384364821 0.9462647444298821 0.7687296416938111 0.09174311926605505
