1 0.5236156351791531 0.2870249017038008 0.7785016286644951 0.1127129750982962
1 0.5256514657980456 0.01703800786369594 0.7744299674267101 0.023591087811271297
1 0.5337947882736156 0.580602883355177 0.7760586319218241 0.1258191349934469
1 0.5293159609120521 0.8807339449541285 0.7671009771986971 0.09698558322411534
0 0.28216612377850164 0.27916120576671033 0.09364820846905537 0.07077326343381389
0 0.760586319218241 0.2758846657929227 0.10586319218241043 0.0799475753604194
0 0.7593648208469055 0.572083879423329 0.10179153094462541 0.07208387942332896
0 0.28135179153094464 0.5681520314547838 0.1001628664495114 0.07208387942332896
0 0.28257328990228014 0.8820445609436435 0.09771986970684039 0.08650065530799476
0 0.7601791530944625 0.8768020969855832 0.10667752442996743 0.07077326343381389
