1 0.5285016286644951 0.0563564875491481 0.7719869706840391 0.11009174311926606
1 0.5256514657980456 0.34796854521625165 0.7744299674267101 0.09305373525557012
1 0.5256514657980456 0.6526867627785059 0.7744299674267101 0.11533420707732635
1 0.5276872964169381 0.95478374836173 0.7719869706840391 0.08519003931847968
0 0.28216612377850164 0.04652686762778506 0.09690553745928339 0.07208387942332896
0 0.758957654723127 0.04259501965923984 0.09609120521172639 0.06946264744429882
0 0.7609934853420195 0.3427260812581914 0.10179153094462541 0.07470511140235911
0 0.28257328990228014 0.35386631716906947 0.0993485342019544 0.07601572739187418
0 0.28257328990228014 0.6500655307994757 0.09771986970684039 0.08650065530799476
0 0.28338762214983715 0.9567496723460026 0.09609120521172639 0.06290956749672345
0 0.762214983713355 0.6579292267365662 0.09771986970684039 0.08125819134993446
0 0.7618078175895765 0.9593709043250328 0.0985342019543974 0.07077326343381389
