0 0.27890879478827363 0.045216251638269984 0.09690553745928339 0.06946264744429882
0 0.2776872964169381 0.3401048492791612 0.0993485342019544 0.08519003931847968
0 0.27890879478827363 0.6474442988204456 0.09364820846905537 0.08125819134993446
0 0.28053745928338764 0.9495412844036697 0.09527687296416938 0.07470511140235911
0 0.7552931596091205 0.6349934469200524 0.09201954397394137 0.07732634338138926
0 0.754885993485342 0.953473132372215 0.09771986970684039 0.06684141546526867
0 0.7536644951140065 0.045216251638269984 0.1001628664495114 0.08256880733944955
1 0.5268729641693811 0.04193971166448231 0.760586319218241 0.0655307994757536
1 0.5366449511400652 0.33420707732634336 0.752442996742671 0.08387942332896461
1 0.5236156351791531 0.6376146788990825 0.7719869706840391 0.0982961992136304
1 0.5264657980456026 0.9410222804718218 0.7728013029315961 0.10747051114023591
