0 0.28135179153094464 0.06487549148099607 0.10179153094462541 0.07732634338138926
0 0.28135179153094464 0.372870249017038 0.09690553745928339 0.08519003931847968
0 0.28257328990228014 0.6841415465268676 0.09446254071661238 0.09436435124508519
0 0.28094462540716614 0.9698558322411533 0.09771986970684039 0.05242463958060288
0 0.7569218241042345 0.9750982961992136 0.0985342019543974 0.04456094364351245
0 0.757328990228013 0.6802096985583224 0.09609120521172639 0.0891218872870249
0 0.7585504885993485 0.36631716906946266 0.0985342019543974 0.07732634338138926
0 0.755700325732899 0.06422018348623854 0.0993485342019544 0.06290956749672345
1 0.5203583061889251 0.061598951507208385 0.744299674267101 0.10222804718217562
1 0.5109934853420195 0.3656618610747051 0.7304560260586319 0.11009174311926606
1 0.5203583061889251 0.6762778505897772 0.755700325732899 0.10222804718217562
1 0.5183224755700325 0.9600262123197904 0.74185667752443 0.07732634338138926
